0,496
0,472
54,52
54,51
54,50
54,49
54,48
54,47
54,46
54,45
54,44
54,43
54,42
54,41
54,40
54,39
54,38
54,37
54,36
54,35
3,2
3,1
3,3
10,116
10,162
10,67
10,191
10,186
10,270
10,102
11,2
8,7
8,13
8,9
8,10
8,2
8,3
41,6
41,5
41,4
41,3
41,2
41,1
41,0
40,5
40,4
40,3
40,2
40,1
40,0
39,5
39,4
39,3
39,2
39,1
39,0
38,8
38,7
38,6
38,5
38,4
38,3
38,2
38,1
38,0
25,3
25,1
20,3
20,2
20,1
19,3
19,2
19,1
12,3
12,2
18,1
12,1
11,30
11,29
11,27
18,3
11,26
11,25
11,24
11,23
11,22
11,21
11,20
11,19
14,1
11,18
11,17
11,16
11,15
11,14
11,13
11,12
11,11
11,10
11,9
11,8
11,7
14,3
13,1
11,6
11,5
11,1
